55
55
55
62
62
62
57
57
57
62
62
62
67
67
67
72
72
72
74
74
74
83
83
83
85
85
85
94
94
94
94
94
94
94
94
94
96
96
96
84
84
84
84
84
84
77
77
77
72
72
72
70
70
70
72
72
72
63
63
63
73
73
73
68
68
68
64
64
64
60
60
60
62
62
62
71
71
71
69
69
69
71
71
71
76
76
76
78
78
78
75
75
75
82
82
82
91
91
91
102
102
102
97
97
97
97
97
97
97
97
97
106
106
106
95
95
95
100
100
100
100
100
100
93
93
93
100
98
103
99
113
111
122
117
110
110
101
105
103
103
103
103
913
1628
1931
2139
2288
2377
2484
2524
2547
2577
1790
1089
786
590
1193
2973
7171
10529
14138
17885
21001
23763
26137
27822
28585
27582
23679
20496
16969
13310
13310
13310
10239
7552
5262
3596
2100
1248
892
710
623
526
493
427
348
331
331
308
296
243
215
199
180
131
101
96
87
96
103
110
110
110
105
105
105
100
100
100
107
107
107
121
121
121
116
116
116
109
109
109
111
111
111
104
104
104
95
95
95
90
90
90
90
90
90
90
90
90
88
88
88
74
74
74
93
95
91
96
103
115
118
125
120
134
127
130
127
127
127
122
122
122
120
120
120
120
120
120
117
117
117
122
122
122
122
122
122
108
108
108
92
92
92
89
89
89
96
96
96
101
101
101
103
103
103
103
103
103
108
108
108
99
99
99
104
104
104
104
104
104
113
113
113
116
116
116
107
107
107
102
102
102
95
95
95
83
83
83
69
69
69
62
62
62
57
57
57
69
69
69
71
71
71
71
71
71
71
71
71
76
76
76
85
85
85
94
94
94
94
94
94
94
94
94
94
94
94
91
91
91
91
91
91
84
84
84
96
96
96
93
93
93
91
91
91
80
80
80
80
80
80
89
89
89
87
87
87
83
83
83
88
88
88
92
92
92
89
89
89
89
89
89
82
82
82
84
84
84
89
89
89
80
80
80
87
87
87
82
82
82
75
75
75
73
73
73
64
64
64
74
74
74
74
74
74
81
81
81
78
78
78
87
87
87
94
94
94
96
96
96
94
94
94
103
103
103
108
108
108
96
96
96
101
101
101
101
101
101
115
115
115
117
117
117
103
103
103
117
117
117
119
119
119
112
112
112
112
112
112
126
126
126
126
126
126
126
126
126
108
108
108
113
113
113
124
124
124
110
110
110
112
112
112
122
122
122
131
131
131
122
122
122
131
131
131
133
133
133
137
137
137
144
144
144
130
144
140
156
158
169
171
174
181
174
186
184
186
186
186
158
158
158
151
151
151
142
142
142
133
133
133
133
133
133
129
129
129
122
122
122
117
117
117
115
115
115
127
127
127
132
132
132
142
142
142
147
147
147
152
152
152
145
145
145
161
161
161
173
173
173
173
173
173
177
177
177
165
165
165
169
169
169
171
171
171
171
171
171
168
168
168
179
179
179
158
158
158
151
151
151
147
147
147
138
138
138
133
133
133
129
129
129
113
113
113
108
108
108
108
108
108
99
99
99
106
106
106
101
101
101
110
110
110
124
124
124
124
124
124
121
121
121
118
118
118
120
120
120
125
125
125
130
130
130
137
137
137
132
132
132
134
134
134
118
118
118
130
130
130
130
130
130
130
130
130
130
130
130
121
121
121
118
118
118
111
111
111
114
114
114
105
105
105
98
98
98
91
91
91
89
89
89
89
89
89
78
78
78
80
80
80
78
78
78
78
78
78
75
75
75
70
70
70
88
88
88
88
88
88
107
107
107
112
112
112
119
119
119
117
117
117
124
124
124
124
124
124
127
127
127
134
134
134
130
130
130
128
128
128
116
116
116
111
111
111
108
108
108
105
105
105
100
100
100
109
109
109
120
120
120
120
120
120
113
113
113
113
113
113
104
104
104
109
109
109
119
119
119
115
115
115
111
111
111
102
102
102
88
88
88
88
88
88
99
99
99
101
101
101
105
105
105
110
110
110
110
110
110
124
124
124
131
131
131
129
129
129
129
129
129
139
139
139
130
130
130
135
135
135
135
135
135
130
130
130
132
132
132
125
125
125
122
122
122
119
119
119
124
124
124
114
114
114
109
109
109
99
99
99
102
102
102
93
93
93
79
79
79
83
83
83
81
81
81
81
81
81
81
81
81
72
72
72
79
79
79
86
86
86
86
86
86
90
90
90
88
88
88
98
98
98
96
96
96
106
106
106
115
115
115
122
122
122
129
129
129
127
127
127
127
127
127
130
130
130
137
137
137
123
123
123
123
123
123
125
125
125
116
116
116
109
109
109
100
100
100
100
100
100
104
104
104
95
95
95
92
92
92
96
96
96
98
98
98
98
98
98
87
87
87
94
94
94
92
92
92
99
99
99
99
99
99
108
108
108
108
108
108
104
104
104
109
102
118
118
120
115
111
118
125
132
136
136
143
143
143
143
143
143
143
143
143
139
139
139
141
141
141
131
131
131
129
129
129
126
126
126
115
115
115
110
110
110
93
93
