404
404
404
390
390
390
383
383
383
383
383
383
397
397
397
392
392
392
395
395
395
425
425
425
420
420
420
437
437
437
428
428
428
442
442
442
466
466
466
464
464
464
469
469
469
476
476
476
476
476
476
446
446
446
448
448
448
438
438
438
419
419
419
423
423
423
416
416
416
385
385
385
366
366
366
371
371
371
364
364
364
357
357
357
348
348
348
339
339
339
355
355
355
348
348
348
348
348
348
386
386
386
384
384
384
368
368
368
361
361
361
375
375
375
366
366
366
371
371
371
378
378
378
364
364
364
392
382
389
389
414
418
436
438
413
409
369
369
385
385
385
487
3312
7040
9735
12048
13677
14670
15606
16102
16370
16538
13986
10361
7694
5437
6696
9298
13414
17326
21370
25563
29393
33297
37020
40364
40864
40043
36862
33699
30078
26278
26278
26278
22713
19442
16266
13036
9804
7179
5664
4650
4078
3554
3296
2721
2212
2093
2093
1941
1850
1531
1356
1258
1161
886
739
692
648
665
667
644
644
644
614
614
614
574
574
574
553
553
553
551
551
551
528
528
528
521
521
521
544
544
544
569
569
569
551
551
551
553
553
553
541
541
541
553
553
553
560
560
560
541
541
541
576
560
532
511
478
504
507
528
497
506
469
476
483
483
483
467
467
467
481
481
481
467
467
467
469
469
469
450
450
450
455
455
455
444
444
444
451
451
451
446
446
446
451
451
451
446
446
446
472
472
472
479
479
479
456
456
456
454
454
454
463
463
463
470
470
470
458
458
458
472
472
472
465
465
465
479
479
479
455
455
455
439
439
439
434
434
434
427
427
427
434
434
434
441
441
441
450
450
450
441
441
441
441
441
441
451
451
451
449
449
449
442
442
442
435
435
435
419
419
419
405
405
405
412
412
412
396
396
396
391
391
391
407
407
407
381
381
381
381
381
381
388
388
388
383
383
383
394
394
394
397
397
397
383
383
383
404
404
404
411
411
411
397
397
397
392
392
392
376
376
376
371
371
371
388
388
388
391
391
391
402
402
402
409
409
409
409
409
409
402
402
402
405
405
405
436
436
436
433
433
433
440
440
440
486
486
486
490
490
490
509
509
509
509
509
509
516
516
516
523
523
523
558
558
558
555
555
555
602
602
602
618
618
618
586
586
586
612
612
612
619
619
619
635
635
635
649
649
649
658
658
658
630
630
630
649
649
649
635
635
635
624
624
624
638
638
638
650
650
650
683
683
683
723
723
723
716
716
716
733
733
733
758
758
758
760
760
760
816
816
816
853
853
853
878
878
878
908
908
908
866
870
877
888
900
917
889
912
931
915
950
920
922
922
922
913
913
913
927
927
927
910
910
910
894
894
894
869
869
869
827
827
827
815
815
815
794
794
794
801
801
801
827
827
827
839
839
839
832
832
832
856
856
856
921
921
921
960
960
960
1004
1004
1004
1039
1039
1039
1053
1053
1053
1069
1069
1069
1057
1057
1057
1064
1064
1064
1064
1064
1064
1059
1059
1059
1015
1015
1015
997
997
997
974
974
974
951
951
951
911
911
911
888
888
888
900
900
900
886
886
886
870
870
870
877
877
877
863
863
863
839
839
839
825
825
825
808
808
808
829
829
829
831
831
831
838
838
838
835
835
835
842
842
842
819
819
819
835
835
835
835
835
835
844
844
844
823
823
823
835
835
835
847
847
847
814
814
814
812
812
812
781
781
781
771
771
771
736
736
736
718
718
718
711
711
711
735
735
735
716
716
716
704
704
704
697
697
697
690
690
690
695
695
695
677
677
677
691
691
691
677
677
677
696
696
696
703
703
703
675
675
675
654
654
654
640
640
640
645
645
645
647
647
647
682
682
682
682
682
682
698
698
698
668
668
668
649
649
649
651
651
651
644
644
644
651
651
651
618
618
618
635
635
635
590
590
590
585
585
585
583
583
583
604
604
604
609
609
609
609
609
609
626
626
626
610
610
610
636
636
636
608
608
608
625
625
625
611
611
611
601
601
601
580
580
580
559
559
559
557
557
557
554
554
554
549
549
549
535
535
535
542
542
542
556
556
556
563
563
563
596
596
596
591
591
591
577
577
577
591
591
591
580
580
580
620
620
620
636
636
636
636
636
636
633
633
633
629
629
629
599
599
599
594
594
594
624
624
624
624
624
624
617
617
617
594
594
594
573
573
573
589
589
589
578
578
578
571
571
571
578
578
578
585
585
585
562
562
562
539
539
539
557
557
557
554
554
554
575
575
575
566
566
566
554
554
554
554
554
554
537
537
537
533
533
533
584
584
584
605
605
605
596
596
596
606
606
606
580
580
580
591
591
591
600
600
600
593
593
593
598
598
598
598
598
598
572
572
572
567
567
567
574
574
574
578
578
578
595
595
595
600
600
600
600
600
600
637
637
637
635
635
635
628
628
628
596
596
596
580
580
580
573
573
573
587
587
587
573
573
573
526
526
526
533
533
533
484
484
484
493
500
546
569
574
544
541
558
558
586
595
599
567
567
567
602
602
602
599
599
599
599
599
599
625
625
625
606
606
606
606
606
606
622
622
622
615
615
615
606
606
606
624
624
