8
8
8
6
6
6
6
6
6
4
4
4
6
6
6
4
4
4
2
2
2
4
4
4
4
4
4
4
4
4
4
4
4
8
8
8
8
8
8
8
8
8
10
10
10
12
12
12
12
12
12
12
12
12
12
12
12
12
12
12
12
12
12
8
8
8
8
8
8
8
8
8
8
8
8
6
6
6
8
8
8
6
6
6
8
8
8
8
8
8
12
12
12
12
12
12
14
14
14
14
14
14
12
12
12
14
14
14
14
14
14
18
18
18
16
16
16
18
18
18
16
16
16
16
16
16
16
22
22
26
30
30
32
34
34
38
42
42
42
42
42
40
120
181
213
229
238
245
266
273
277
275
198
137
107
91
161
433
3042
4250
5917
7906
8962
9646
10044
10282
10375
10175
7569
6368
4704
2726
2726
2726
1665
983
585
349
177
96
79
68
65
63
68
64
62
67
67
65
63
50
45
41
32
23
21
21
12
12
14
16
16
16
16
16
16
18
18
18
16
16
16
16
16
16
16
16
16
14
14
14
12
12
12
12
12
12
10
10
10
8
8
8
6
6
6
2
2
2
6
6
6
6
6
6
12
16
20
22
24
28
30
32
32
36
36
38
36
36
36
34
34
34
32
32
32
30
30
30
26
26
26
24
24
24
20
20
20
18
18
18
12
12
12
6
6
6
4
4
4
4
4
4
6
6
6
4
4
4
8
8
8
10
10
10
10
10
10
8
8
8
12
12
12
14
14
14
16
16
16
16
16
16
16
16
16
16
16
16
12
12
12
10
10
10
10
10
10
12
12
12
8
8
8
8
8
8
8
8
8
10
10
10
12
12
12
14
14
14
14
14
14
14
14
14
16
16
16
14
14
14
18
18
18
16
16
16
16
16
16
14
14
14
14
14
14
12
12
12
16
16
16
18
18
18
16
16
16
18
18
18
16
16
16
16
16
16
16
16
16
16
16
16
12
12
12
14
14
14
10
10
10
10
10
10
10
10
10
10
10
10
10
10
10
10
10
10
8
8
8
8
8
8
8
8
8
6
6
6
6
6
6
6
6
6
6
6
6
4
4
4
4
4
4
8
8
8
10
10
10
10
10
10
10
10
10
10
10
10
14
14
14
14
14
14
16
16
16
20
20
20
18
18
18
14
14
14
12
12
12
12
12
12
12
12
12
14
14
14
10
10
10
10
10
10
8
8
8
6
6
6
6
6
6
8
8
8
10
10
10
10
10
10
10
10
10
12
12
12
14
14
14
14
14
14
14
18
22
26
30
32
34
34
36
36
38
34
32
32
32
28
28
28
24
24
24
22
22
22
22
22
22
18
18
18
14
14
14
12
12
12
10
10
10
8
8
8
10
10
10
12
12
12
10
10
10
12
12
12
10
10
10
10
10
10
12
12
12
16
16
16
20
20
20
22
22
22
18
18
18
16
16
16
20
20
20
22
22
22
24
24
24
30
30
30
30
30
30
28
28
28
24
24
24
24
24
24
24
24
24
22
22
22
22
22
22
20
20
20
18
18
18
12
12
12
14
14
14
12
12
12
12
12
12
10
10
10
10
10
10
12
12
12
8
8
8
6
6
6
8
8
8
10
10
10
8
8
8
8
8
8
14
14
14
16
16
16
18
18
18
16
16
16
18
18
18
22
22
22
20
20
20
18
18
18
20
20
20
20
20
20
16
16
16
16
16
16
16
16
16
16
16
16
14
14
14
10
10
10
16
16
16
22
22
22
20
20
20
22
22
22
20
20
20
22
22
22
22
22
22
31
31
31
31
31
31
31
31
31
25
25
25
21
21
21
21
21
21
19
19
19
25
25
25
21
21
21
19
19
19
12
12
12
14
14
14
14
14
14
16
16
16
16
16
16
16
16
16
25
25
25
19
19
19
21
21
21
21
21
21
21
21
21
21
21
21
23
23
23
21
21
21
21
21
21
23
23
23
16
16
16
18
18
18
20
20
20
22
22
22
22
22
22
20
20
20
20
20
20
22
22
22
22
22
22
22
22
22
20
20
20
18
18
18
14
14
14
14
14
14
14
14
14
14
14
14
25
25
25
23
23
23
23
23
23
21
21
21
23
23
23
25
25
25
25
25
25
23
23
23
25
25
25
25
25
25
14
14
14
16
16
16
14
14
14
12
12
12
10
10
10
10
10
10
10
10
10
10
10
10
6
6
6
8
8
8
8
8
8
12
12
12
12
12
12
16
16
16
16
16
16
16
16
16
16
16
16
18
18
18
20
20
20
18
18
18
18
18
18
12
12
12
14
14
14
14
14
14
16
16
16
14
14
14
18
18
18
20
20
20
18
18
18
18
18
18
16
16
16
20
20
20
18
18
18
20
20
20
18
18
18
20
20
20
18
18
18
14
14
14
18
18
18
18
18
18
18
18
18
18
18
18
20
16
20
22
24
26
26
28
32
30
34
36
38
38
38
34
34
34
30
30
30
32
32
32
32
32
32
30
30
30
32
32
32
32
32
32
26
26
26
22
22
22
18
18
