2
2
2
0
0
0
0
0
0
0
0
0
0
0
0
0
0
0
0
0
0
0
0
0
0
0
0
0
0
0
0
0
0
0
0
0
0
0
0
0
0
0
2
2
2
2
2
2
2
2
2
2
2
2
2
2
2
2
2
2
2
2
2
2
2
2
2
2
2
2
2
2
0
0
0
0
0
0
2
2
2
2
2
2
2
2
2
2
2
2
2
2
2
2
2
2
2
2
2
2
2
2
2
2
2
2
2
2
0
0
0
0
0
0
0
0
0
0
0
0
0
0
0
0
0
0
0
2
2
2
2
2
2
2
2
2
2
0
0
0
0
0
2
22
22
40
42
44
50
50
50
50
48
28
28
10
14
44
603
 2494
721
1030
1344
1460
1480
1514
1532
1530
1498
935
819
510
196
196
196
80
60
26
10
6
6
4
2
2
4
6
6
6
4
4
4
4
4
4
4
4
2
2
2
2
2
2
2
2
2
2
2
2
4
4
4
2
2
2
2
2
2
2
2
2
2
2
2
2
2
2
2
2
2
2
2
2
2
2
2
2
2
2
0
0
0
4
4
4
4
4
4
6
6
6
6
6
6
8
8
4
6
8
8
8
8
8
8
8
8
8
8
8
10
10
10
8
8
8
8
8
8
8
8
8
6
6
6
2
2
2
2
2
2
2
2
2
2
2
2
2
2
2
0
0
0
0
0
0
2
2
2
2
2
2
2
2
2
6
6
6
6
6
6
6
6
6
6
6
6
6
6
6
6
6
6
6
6
6
4
4
4
4
4
4
4
4
4
0
0
0
0
0
0
0
0
0
2
2
2
2
2
2
2
2
2
2
2
2
2
2
2
2
2
2
2
2
2
2
2
2
2
2
2
2
2
2
0
0
0
0
0
0
0
0
0
2
2
2
2
2
2
2
2
2
2
2
2
2
2
2
2
2
2
2
2
2
2
2
2
2
2
2
2
2
2
0
0
0
0
0
0
0
0
0
2
2
2
4
4
4
4
4
4
4
4
4
4
4
4
4
4
4
4
4
4
4
4
4
4
4
4
4
4
4
2
2
2
0
0
0
10.031 -> ---------------------------------------
10.031 -> Concentration Units (environmental)
 18
10.031 -> ---------------------------------------
1764
523
103
8
8
2
10.031 -> ---------------------------------------
2
2
2
2
2
2
2
2
2
2
2
2
2
2
2
2
2
4
4
4
6
6
6
6
6
6
6
6
6
4
4
4
4
4
4
4
4
4
4
4
4
6
6
6
6
6
6
4
4
4
2
2
2
2
2
2
2
2
2
2
2
2
2
2
2
2
2
2
2
2
2
0
0
0
0
0
0
0
0
0
0
0
0
0
0
0
0
2
2
2
2
2
2
2
2
2
2
2
2
2
2
2
2
2
2
2
2
0
0
0
0
0
0
0
0
0
0
0
0
0
0
0
2
2
2
6
6
6
6
6
6
6
6
6
6
6
6
6
6
6
6
6
6
10
10
10
10
10
10
10
10
10
8
8
8
4
4
4
4
4
4
4
4
4
4
4
4
8
8
8
10
10
10
6
6
6
6
6
6
6
6
6
6
6
6
6
6
6
8
8
8
8
8
8
8
8
8
4
4
4
2
2
2
2
2
2
2
2
2
2
2
2
2
2
2
2
2
2
0
0
0
0
0
0
0
0
0
0
0
0
0
0
0
0
0
0
2
2
2
2
2
2
2
2
2
2
2
2
2
2
2
4
4
4
4
4
4
4
4
4
4
4
4
4
4
4
4
4
4
4
4
4
4
4
4
4
4
4
4
4
4
2
2
2
2
2
2
4
4
4
4
4
4
4
4
4
2
2
2
6
6
6
8
8
8
8
8
8
8
8
8
8
8
8
8
8
8
8
8
8
10
10
10
10
10
10
10
10
10
6
6
6
4
4
4
4
4
4
4
4
4
4
4
4
4
4
4
2
2
2
0
0
0
2
2
2
2
2
2
4
4
4
4
4
4
4
4
4
4
4
4
4
4
4
4
4
4
6
6
6
6
6
6
4
4
4
4
4
4
4
4
4
4
4
4
4
4
4
4
4
4
4
4
4
4
4
4
4
4
4
4
4
4
4
4
4
4
4
4
2
2
2
4
4
4
4
4
4
4
4
4
6
6
6
6
6
6
4
4
4
4
4
4
4
4
4
4
4
4
4
4
4
2
2
2
4
4
4
4
4
4
2
2
2
2
2
2
2
2
2
2
2
2
2
2
2
4
4
4
4
4
4
4
4
4
2
2
2
2
2
2
2
2
2
4
4
4
4
4
4
4
4
4
4
4
4
2
2
2
2
2
2
4
4
4
6
6
6
6
6
6
6
6
6
4
4
4
4
4
4
6
6
6
8
8
8
8
8
8
8
8
8
6
6
6
4
4
4
4
4
4
4
4
4
10.041 -> 
10.041 -> ---------------------------------------
10.041 -> Concentration Units (standard)
 25
10.041 -> ---------------------------------------
10.041 -> Concentration Units (environmental)
 25
10.041 -> ---------------------------------------
2262
637
96
20
14
6
10.075 -> ---------------------------------------
6
6
6
6
6
4
4
4
2
2
2
2
2
2
2
2
2
2
2
2
2
2
2
2
2
2
2
2
2
4
4
4
4
4
4
4
4
4
4
4
4
0
0
0
0
0
0
0
0
0
0
0
0
2
2
2
2
2
2
2
2
2
4
4
4
6
6
6
6
6
6
6
6
6
6
6
