1353
1353
1353
1290
1290
1290
1275
1275
1275
1311
1311
1311
1353
1353
1353
1380
1380
1380
1386
1386
1386
1476
1476
1476
1482
1482
1482
1539
1539
1539
1518
1518
1518
1554
1554
1554
1632
1632
1632
1575
1575
1575
1596
1596
1596
1590
1590
1590
1584
1584
1584
1530
1530
1530
1530
1530
1530
1479
1479
1479
1437
1437
1437
1458
1458
1458
1437
1437
1437
1353
1353
1353
1305
1305
1305
1320
1320
1320
1299
1299
1299
1263
1263
1263
1221
1221
1221
1200
1200
1200
1221
1221
1221
1206
1206
1206
1197
1197
1197
1317
1317
1317
1311
1311
1311
1260
1260
1260
1245
1245
1245
1260
1260
1260
1245
1245
1245
1275
1275
1275
1317
1317
1317
1281
1281
1281
1374
1338
1359
1347
1416
1449
1512
1518
1407
1380
1254
1260
1293
1293
1293
1746
10779
22656
32004
40017
45819
49680
53178
54987
56076
56586
48588
37095
27930
20112
23400
30534
42261
53709
65535
65535
65535
65535
65535
65535
65535
65535
65535
65535
65535
65535
65535
65535
65535
62247
52893
42999
33273
24966
19917
16446
14505
12702
11766
9810
8022
7605
7605
6951
6636
5541
4962
4578
4272
3294
2709
2493
2331
2385
2358
2274
2274
2274
2163
2163
2163
2016
2016
2016
1911
1911
1911
1884
1884
1884
1806
1806
1806
1800
1800
1800
1890
1890
1890
1974
1974
1974
1911
1911
1911
1926
1926
1926
1884
1884
1884
1935
1935
1935
1941
1941
1941
1872
1872
1872
1977
1893
1776
1707
1614
1662
1662
1716
1611
1680
1548
1575
1602
1602
1602
1524
1524
1524
1575
1575
1575
1533
1533
1533
1545
1545
1545
1491
1491
1491
1527
1527
1527
1464
1464
1464
1497
1497
1497
1491
1491
1491
1512
1512
1512
1527
1527
1527
1581
1581
1581
1623
1623
1623
1575
1575
1575
1596
1596
1596
1611
1611
1611
1605
1605
1605
1572
1572
1572
1599
1599
1599
1578
1578
1578
1626
1626
1626
1557
1557
1557
1530
1530
1530
1509
1509
1509
1479
1479
1479
1491
1491
1491
1533
1533
1533
1560
1560
1560
1539
1539
1539
1545
1545
1545
1545
1545
1545
1530
1530
1530
1473
1473
1473
1458
1458
1458
1404
1404
1404
1392
1392
1392
1434
1434
1434
1392
1392
1392
1371
1371
1371
1413
1413
1413
1323
1323
1323
1323
1323
1323
1350
1350
1350
1323
1323
1323
1344
1344
1344
1329
1329
1329
1257
1257
1257
1320
1320
1320
1350
1350
1350
1323
1323
1323
1308
1308
1308
1281
1281
1281
1290
1290
1290
1353
1353
1353
1359
1359
1359
1395
1395
1395
1425
1425
1425
1419
1419
1419
1404
1404
1404
1383
1383
1383
1488
1488
1488
1473
1473
1473
1479
1479
1479
1611
1611
1611
1632
1632
1632
1695
1695
1695
1701
1701
1701
1728
1728
1728
1764
1764
1764
1896
1896
1896
1911
1911
1911
2079
2079
2079
2121
2121
2121
2031
2031
2031
2115
2115
2115
2163
2163
2163
2199
2199
2199
2241
2241
2241
2268
2268
2268
2184
2184
2184
2220
2220
2220
2178
2178
2178
2163
2163
2163
2253
2253
2253
2274
2274
2274
2358
2358
2358
2490
2490
2490
2505
2505
2505
2562
2562
2562
2667
2667
2667
2694
2694
2694
2868
2868
2868
2973
2973
2973
3015
3015
3015
3126
3126
3126
3048
3096
3096
3144
3174
3231
3162
3240
3309
3282
3333
3228
3234
3234
3234
3186
3186
3186
3246
3246
3246
3204
3204
3204
3141
3141
3141
3072
3072
3072
2928
2928
2928
2865
2865
2865
2808
2808
2808
2802
2802
2802
2871
2871
2871
2925
2925
2925
2907
2907
2907
2961
2961
2961
3150
3150
3150
3303
3303
3303
3429
3429
3429
3582
3582
3582
3630
3630
3630
3699
3699
3699
3687
3687
3687
3702
3702
3702
3681
3681
3681
3675
3675
3675
3543
3543
3543
3453
3453
3453
3411
3411
3411
3315
3315
3315
3225
3225
3225
3150
3150
3150
3177
3177
3177
3156
3156
3156
3078
3078
3078
3114
3114
3114
3057
3057
3057
2973
2973
2973
2922
2922
2922
2859
2859
2859
2916
2916
2916
2922
2922
2922
2949
2949
2949
2913
2913
2913
2961
2961
2961
2883
2883
2883
2925
2925
2925
2904
2904
2904
2898
2898
2898
2868
2868
2868
2916
2916
2916
2952
2952
2952
2847
2847
2847
2826
2826
2826
2736
2736
2736
2679
2679
2679
2610
2610
2610
2595
2595
2595
2580
2580
2580
2622
2622
2622
2532
2532
2532
2481
2481
2481
2439
2439
2439
2448
2448
2448
2475
2475
2475
2421
2421
2421
2427
2427
2427
2385
2385
2385
2436
2436
2436
2457
2457
2457
2379
2379
2379
2304
2304
2304
2277
2277
2277
2262
2262
2262
2235
2235
2235
2346
2346
2346
2367
2367
2367
2388
2388
2388
2316
2316
2316
2247
2247
2247
2274
2274
2274
2280
2280
2280
2301
2301
2301
2211
2211
2211
2247
2247
2247
2100
2100
2100
2052
2052
2052
2067
2067
2067
2109
2109
2109
2130
2130
2130
2103
2103
2103
2145
2145
2145
2076
2076
2076
2124
2124
2124
2067
2067
2067
2124
2124
2124
2088
2088
2088
2052
2052
2052
1989
1989
1989
1926
1926
1926
1911
1911
1911
1890
1890
1890
1881
1881
1881
1866
1866
1866
1860
1860
1860
1929
1929
1929
1959
1959
1959
2064
2064
2064
2052
2052
2052
2016
2016
2016
2058
2058
2058
2037
2037
2037
2163
2163
2163
2214
2214
2214
2220
2220
2220
2184
2184
2184
2169
2169
2169
2037
2037
2037
2064
2064
2064
2142
2142
2142
2136
2136
2136
2109
2109
2109
2055
2055
2055
1971
1971
1971
2013
2013
2013
1992
1992
1992
1956
1956
1956
2004
2004
2004
1989
1989
1989
1926
1926
1926
1878
1878
1878
2004
2004
2004
1953
1953
1953
2016
2016
2016
1989
1989
1989
1935
1935
1935
1929
1929
1929
1866
1866
1866
1866
1866
1866
2040
2040
2040
2073
2073
2073
1989
1989
1989
2040
2040
2040
2004
2004
2004
2058
2058
2058
2091
2091
2091
2085
2085
2085
2106
2106
2106
2115
2115
2115
2025
2025
2025
2019
2019
2019
2052
2052
2052
2079
2079
2079
2121
2121
2121
2142
2142
2142
2151
2151
2151
2262
2262
2262
2256
2256
2256
2241
2241
2241
2121
2121
2121
2064
2064
2064
2010
2010
2010
2037
2037
2037
1995
1995
1995
1842
1842
1842
1869
1869
1869
1722
1722
1722
1743
1737
1884
1977
2025
1914
1887
1944
1944
2034
2055
2082
2007
2007
2007
2097
2097
2097
2055
2055
2055
2076
2076
2076
2139
2139
2139
2055
2055
2055
2061
2061
2061
2112
2112
2112
2118
2118
2118
2091
2091
2091
2166
2166
