6
6
6
4
4
4
4
4
4
2
2
2
2
2
2
2
2
2
0
0
0
2
2
2
2
2
2
2
2
2
2
2
2
4
4
4
4
4
4
4
4
4
8
8
8
8
8
8
8
8
8
6
6
6
6
6
6
6
6
6
6
6
6
4
4
4
4
4
4
4
4
4
0
0
0
0
0
0
2
2
2
2
2
2
2
2
2
2
2
2
4
4
4
4
4
4
4
4
4
4
4
4
4
4
4
6
6
6
6
6
6
8
8
8
8
8
8
8
8
8
8
8
8
8
8
8
8
12
12
10
8
8
8
8
6
6
6
2
2
2
2
2
34
64
89
109
111
117
128
130
130
130
102
72
47
29
54
136
1609
2053
2916
3884
4266
4454
4565
4637
4656
4595
3117
2680
1817
855
855
855
471
283
172
100
54
27
25
16
18
14
14
12
12
10
10
10
10
6
8
6
6
4
4
4
6
6
8
8
8
8
8
8
8
10
10
10
8
8
8
8
8
8
8
8
8
8
8
8
6
6
6
6
6
6
4
4
4
4
4
4
2
2
2
0
0
0
4
4
4
4
4
4
10
10
12
12
12
14
16
16
14
16
14
16
14
14
14
14
14
14
14
14
14
14
14
14
12
12
12
12
12
12
10
10
10
10
10
10
6
6
6
4
4
4
4
4
4
4
4
4
4
4
4
2
2
2
6
6
6
8
8
8
8
8
8
6
6
6
10
10
10
10
10
10
12
12
12
12
12
12
12
12
12
12
12
12
8
8
8
6
6
6
6
6
6
8
8
8
4
4
4
4
4
4
4
4
4
6
6
6
6
6
6
8
8
8
8
8
8
8
8
8
10
10
10
8
8
8
10
10
10
10
10
10
8
8
8
6
6
6
8
8
8
6
6
6
8
8
8
8
8
8
6
6
6
8
8
8
6
6
6
6
6
6
6
6
6
6
6
6
4
4
4
4
4
4
2
2
2
4
4
4
4
4
4
4
4
4
6
6
6
6
6
6
6
6
6
6
6
6
6
6
6
6
6
6
6
6
6
6
6
6
6
6
6
4
4
4
4
4
4
8
8
8
10
10
10
10
10
10
10
10
10
10
10
10
10
10
10
10
10
10
12
12
12
14
14
14
12
12
12
8
8
8
6
6
6
6
6
6
6
6
6
8
8
8
8
8
8
6
6
6
4
4
4
2
2
2
2
2
2
2
2
2
2
2
2
2
2
2
2
2
2
2
2
2
2
2
2
2
2
2
2
2
2
4
8
8
8
8
8
8
8
8
8
8
8
6
6
6
2
2
2
2
2
2
4
4
4
2
2
2
2
2
2
2
2
2
2
2
2
2
2
2
6
6
6
10
10
10
10
10
10
12
12
12
10
10
10
10
10
10
10
10
10
14
14
14
14
14
14
14
14
14
10
10
10
6
6
6
6
6
6
4
4
4
4
4
4
10
10
10
12
12
12
10
10
10
10
10
10
10
10
10
10
10
10
10
10
10
14
14
14
16
16
16
16
16
16
10
10
10
8
8
8
6
6
6
6
6
6
6
6
6
6
6
6
6
6
6
2
2
2
0
0
0
2
2
2
2
2
2
4
4
4
4
4
4
10
10
10
10
10
10
10
10
10
10
10
10
10
10
10
12
12
12
10
10
10
10
10
10
12
12
12
12
12
12
8
8
8
8
8
8
8
8
8
8
8
8
8
8
8
6
6
6
10
10
10
12
12
12
8
8
8
10
10
10
8
8
8
12
12
12
14
14
14
18
18
18
18
18
18
18
18
18
14
14
14
14
14
14
16
16
16
14
14
14
20
20
20
16
16
16
14
14
14
12
12
12
12
12
12
12
12
12
12
12
12
10
10
10
8
8
8
17
17
17
11
11
11
13
13
13
13
13
13
11
11
11
11
11
11
13
13
13
13
13
13
15
15
15
15
15
15
8
8
8
8
8
8
8
8
8
8
8
8
10
10
10
10
10
10
8
8
8
8
8
8
8
8
8
8
8
8
6
6
6
6
6
6
4
4
4
6
6
6
6
6
6
6
6
6
12
12
12
12
12
12
10
10
10
10
10
10
12
12
12
14
14
14
14
14
14
12
12
12
12
12
12
12
12
12
8
8
8
10
10
10
10
10
10
10
10
10
8
8
8
8
8
8
8
8
8
8
8
8
6
6
6
6
6
6
4
4
4
6
6
6
6
6
6
8
8
8
8
8
8
8
8
8
8
8
8
10
10
10
12
12
12
12
12
12
12
12
12
8
8
8
8
8
8
8
8
8
10
10
10
8
8
8
12
12
12
12
12
12
10
10
10
10
10
10
10
10
10
14
14
14
14
14
14
16
16
16
14
14
14
14
14
14
10
10
10
8
8
8
8
8
8
8
8
8
8
8
8
8
8
8
8
4
4
4
6
6
6
6
6
2
4
4
6
6
6
6
6
6
4
4
4
8
8
8
10
10
10
10
10
10
14
14
14
16
16
16
14
14
14
14
14
14
12
12
