603
603
609
609
609
630
630
630
624
624
624
576
576
576
498
498
498
525
525
525
492
492
492
486
486
486
459
459
459
489
489
489
516
516
516
507
507
507
543
543
543
549
549
549
591
591
591
597
597
597
618
618
618
597
597
597
618
618
618
582
582
582
561
561
561
513
513
513
456
456
456
483
483
483
399
399
399
408
408
408
441
441
441
483
483
483
483
483
483
546
546
546
534
534
534
561
561
561
582
582
582
591
591
591
627
627
627
612
612
612
570
570
570
549
549
549
576
576
576
576
576
576
588
588
588
561
561
561
555
555
555
525
525
525
540
540
540
588
588
588
582
582
582
573
573
573
531
531
531
504
504
504
504
504
504
546
546
546
573
573
573
594
594
594
594
594
594
519
519
519
540
540
540
540
540
540
576
576
576
540
540
540
555
555
555
519
519
519
498
498
498
450
450
450
435
435
435
462
462
462
447
447
447
456
456
456
483
483
483
510
510
510
495
495
495
468
468
468
474
474
474
516
516
516
531
531
531
537
537
537
537
537
537
543
543
543
480
480
480
468
468
468
456
456
456
471
471
471
465
465
465
417
417
417
429
429
429
501
501
501
558
558
558
579
579
579
573
573
573
594
594
594
669
669
669
654
654
654
660
660
660
687
687
687
645
645
645
567
567
567
582
582
582
567
567
567
621
621
621
606
606
606
543
543
543
627
627
627
606
606
606
669
669
669
663
663
663
648
648
648
633
633
633
669
669
669
642
642
642
642
642
642
657
657
657
594
594
594
603
603
603
525
525
525
510
510
510
519
519
519
450
450
450
444
444
444
402
402
402
387
387
387
393
393
393
393
393
393
384
384
384
426
426
426
447
447
447
447
447
447
468
468
468
447
447
447
474
474
474
504
504
504
513
513
513
540
540
540
576
576
576
543
543
543
573
573
573
564
564
564
564
564
564
549
549
549
570
570
570
549
549
549
603
603
603
639
639
639
612
612
612
660
660
660
639
639
639
627
627
627
639
639
639
612
612
612
600
600
600
591
591
591
528
528
528
543
543
543
507
507
507
465
465
465
450
450
450
462
462
462
435
435
435
462
462
462
447
447
447
510
510
510
498
498
498
477
477
477
519
519
519
576
576
576
591
591
591
612
612
612
612
612
612
639
639
639
717
717
717
690
690
690
702
702
702
681
681
681
666
666
666
645
645
645
624
624
624
675
675
675
675
675
675
648
648
648
591
591
591
591
591
591
570
570
570
582
582
582
597
597
597
567
567
567
567
567
567
510
510
510
504
504
504
483
483
483
477
477
477
582
582
582
597
597
597
543
543
543
564
564
564
621
621
621
654
654
654
639
639
639
672
672
672
750
750
750
750
750
750
618
618
618
654
654
654
708
708
708
645
645
645
567
567
567
609
609
609
603
603
603
624
624
624
567
567
567
558
558
558
549
549
549
513
513
513
471
471
471
519
519
519
528
528
528
459
459
459
507
507
507
486
486
486
480
480
480
489
489
489
594
594
594
594
594
594
615
615
615
609
609
609
657
657
657
699
699
699
666
666
666
654
654
654
654
654
654
696
696
696
648
648
648
654
654
654
648
648
648
663
663
663
621
621
621
615
615
615
594
594
594
585
585
585
585
585
585
633
633
633
597
597
597
576
576
576
561
561
561
552
552
552
558
558
558
564
564
564
570
570
570
606
606
606
597
597
597
498
498
498
471
471
471
450
450
450
486
486
486
459
459
459
522
522
522
516
516
516
543
543
543
501
501
501
522
522
522
531
531
531
552
552
552
567
567
567
540
540
540
546
546
546
483
483
483
447
447
447
441
441
441
456
456
456
471
471
471
456
456
456
441
441
441
441
441
441
447
447
447
426
426
426
441
441
441
477
477
477
504
504
504
489
489
489
483
483
483
468
468
468
483
483
483
498
498
498
519
519
519
555
555
555
591
591
591
570
570
570
522
522
522
591
591
591
549
549
549
579
579
579
543
543
543
543
543
543
507
507
507
513
513
513
483
483
483
453
453
453
474
474
474
399
399
399
426
426
426
459
459
459
480
480
480
471
471
471
471
471
471
423
423
423
465
465
465
486
486
486
471
471
471
498
498
498
492
492
492
522
522
522
510
510
510
504
504
504
555
555
555
645
645
645
597
597
597
633
633
633
621
621
621
621
621
621
612
612
612
519
519
519
504
504
504
540
540
540
510
510
510
498
498
498
456
456
456
393
393
393
405
405
405
384
384
384
420
420
420
441
441
441
477
477
477
447
447
447
426
426
426
396
396
396
432
432
432
516
516
516
516
516
516
501
501
501
474
474
474
468
468
468
468
468
468
468
468
468
504
504
504
492
492
492
444
444
444
423
423
423
432
432
432
462
462
462
462
462
462
540
540
540
525
525
525
603
603
603
567
567
567
573
573
573
606
606
606
564
564
564
585
585
585
585
585
585
627
627
627
585
585
585
600
600
600
552
552
552
540
540
540
624
624
624
651
651
651
678
678
678
642
642
642
633
633
633
639
639
639
603
603
603
594
594
594
558
558
558
579
579
579
459
459
459
426
426
426
414
414
414
429
429
429
423
423
423
381
381
381
423
423
423
417
417
417
474
474
474
474
474
474
495
495
495
558
558
558
558
558
558
558
558
558
558
558
558
579
579
579
543
543
543
549
549
549
492
492
492
450
450
450
492
492
492
462
462
462
441
441
441
432
432
432
447
447
447
420
420
420
429
429
429
438
438
438
465
465
465
477
477
477
477
477
477
477
477
477
504
504
504
519
519
519
504
504
504
546
546
546
498
498
498
462
462
462
483
483
483
519
519
519
498
498
498
477
477
477
441
441
441
426
426
426
432
432
432
375
375
375
402
402
402
438
438
438
396
396
396
360
360
360
327
327
327
327
327
327
342
342
342
363
363
363
414
414
414
420
420
420
432
432
432
402
402
402
411
411
411
432
432
432
453
453
453
441
441
441
426
426
426
426
426
426
396
396
396
396
396
396
417
417
417
453
453
453
474
474
474
483
483
483
504
504
504
531
531
531
588
588
588
588
588
588
576
576
576
585
585
585
585
585
585
579
579
579
537
537
537
558
558
558
507
507
507
507
507
507
480
480
480
474
474
474
480
480
480
513
513
513
486
486
486
477
477
477
483
483
483
432
432
432
483
483
483
498
498
498
540
540
540
534
534
534
519
519
519
477
477
477
492
492
492
471
471
471
471
471
471
486
486
486
450
450
450
399
399
399
390
390
390
402
402
402
432
432
432
432
432
432
432
432
432
462
462
462
510
510
510
594
594
594
630
630
630
672
672
672
645
645
645
666
666
666
630
630
630
624
624
624
609
609
609
630
630
630
567
567
567
489
489
489
468
468
468
441
441
441
447
447
447
426
426
426
441
441
441
510
510
510
531
531
531
516
516
516
579
579
579
579
579
579
585
585
585
627
627
627
594
594
594
582
582
582
567
567
567
561
561
561
546
546
546
567
567
567
582
582
582
561
561
561
525
525
525
510
510
510
543
543
543
522
522
522
537
537
537
495
495
495
489
489
489
432
432
432
453
453
453
462
462
462
504
504
504
498
498
498
513
513
513
525
525
525
573
573
573
558
558
558
564
564
564
606
606
606
537
537
537
537
537
537
525
525
525
510
510
510
468
468
468
483
483
483
414
414
414
402
402
402
438
438
438
459
459
459
471
471
471
534
534
534
534
534
534
543
543
543
516
516
516
510
510
510
552
552
552
579
579
579
573
573
573
504
504
504
513
513
513
471
471
471
450
450
450
441
441
441
504
504
504
504
504
504
447
447
447
474
474
474
444
444
444
465
465
465
456
456
456
441
441
441
453
453
453
462
462
462
474
474
474
486
486
486
528
528
528
507
507
507
537
537
537
537
537
537
537
537
537
543
543
543
552
552
552
573
573
573
525
525
525
504
504
504
456
456
456
435
435
435
426
426
426
411
411
411
378
378
378
408
408
408
393
393
393
351
351
351
366
366
366
360
360
360
360
360
360
390
390
390
342
342
342
357
357
357
411
411
411
375
375
375
390
390
390
369
369
369
360
360
360
360
360
360
381
381
381
330
330
330
357
357
357
372
372
372
324
324
324
330
330
330
351
351
351
384
384
384
414
414
414
420
420
420
447
447
447
441
441
441
477
477
477
477
477
477
477
477
477
486
486
486
534
534
534
549
549
549
549
549
549
549
549
549
549
549
549
585
585
585
564
564
564
543
543
543
558
558
558
543
543
543
522
522
522
507
507
507
492
492
492
507
507
507
522
522
522
507
507
507
465
465
465
582
582
582
588
588
588
582
582
582
525
525
525
555
555
555
561
561
561
546
546
546
531
531
531
552
552
552
600
600
600
474
474
474
459
459
459
480
480
480
501
501
501
471
471
471
450
450
450
459
459
459
432
432
432
384
384
384
372
372
372
435
435
435
498
498
498
477
477
477
471
471
471
480
480
480
474
474
474
480
480
480
507
507
507
561
561
561
540
540
540
513
513
513
471
471
471
492
492
492
486
486
486
456
456
456
471
471
471
471
471
471
450
450
450
423
423
423
444
444
444
444
444
444
444
444
444
450
450
450
450
450
450
492
492
492
483
483
483
462
462
462
477
477
477
498
498
498
498
498
498
498
498
498
498
498
498
483
483
483
495
495
495
483
483
483
513
513
513
513
513
513
504
504
504
504
504
504
525
525
525
504
504
504
477
477
477
534
534
534
513
513
513
534
534
534
546
546
546
561
561
561
582
582
582
546
546
546
510
510
510
531
531
531
567
567
567
510
510
510
540
540
540
498
498
498
435
435
435
420
420
420
393
393
393
435
435
435
462
462
462
468
468
468
438
438
438
432
432
432
402
402
402
435
435
435
456
456
456
477
477
477
462
462
462
435
435
435
444
444
444
417
417
417
459
459
459
474
474
474
483
483
483
435
435
435
456
456
456
450
450
450
501
501
501
501
501
501
480
480
480
495
495
495
462
462
462
462
462
462
462
462
462
483
483
483
441
441
441
411
411
411
390
390
390
411
411
411
402
402
402
408
408
408
393
393
393
378
378
378
384
384
384
390
390
390
420
420
420
450
450
450
462
462
462
447
447
447
447
447
447
426
426
426
432
432
432
432
432
432
405
405
405
414
414
414
414
414
414
456
456
456
456
456
456
450
450
450
444
444
444
480
480
480
489
489
489
495
495
495
516
516
516
522
522
522
528
528
528
486
486
486
465
465
465
459
459
459
480
480
480
429
429
429
399
399
399
456
456
456
456
456
456
441
441
441
435
435
435
420
420
420
462
462
462
489
489
489
462
462
462
492
492
492
507
507
507
444
444
444
429
429
429
417
417
417
417
417
417
444
444
444
438
438
438
402
402
402
393
393
393
384
384
384
378
378
378
441
441
441
477
477
477
504
504
504
495
495
495
462
462
462
447
447
447
483
483
483
483
483
483
477
477
477
504
504
504
489
489
489
447
447
447
441
441
441
420
420
420
432
432
432
420
420
420
462
462
462
477
477
477
456
456
456
420
420
420
408
408
408
420
420
420
399
399
399
462
462
462
471
471
471
456
456
456
408
408
408
471
471
471
486
486
486
486
486
486
456
456
456
465
465
465
477
477
477
435
435
435
426
426
426
447
447
447
453
453
453
390
390
390
375
375
375
447
447
447
483
483
483
447
447
447
435
435
435
435
435
435
414
414
414
387
387
387
345
345
345
387
387
387
393
393
393
336
336
336
273
273
273
300
300
300
321
321
321
300
300
300
288
288
288
273
273
273
288
288
288
231
231
231
288
288
288
303
303
303
339
339
339
381
381
381
372
372
372
366
366
366
414
414
414
429
429
429
441
441
441
450
450
450
429
429
429
429
429
429
441
441
441
435
435
435
435
435
435
498
498
498
498
498
498
525
525
525
504
504
504
525
525
525
483
483
483
468
468
468
426
426
426
405
405
405
393
393
393
336
336
336
300
300
300
279
279
279
342
342
342
354
354
354
390
390
390
375
375
375
417
417
417
396
396
396
396
396
396
396
396
396
405
405
405
420
420
420
345
345
345
318
318
318
381
381
381
375
375
375
369
369
369
390
390
390
411
411
411
441
441
441
447
447
447
447
447
447
474
474
474
474
474
474
402
402
402
423
423
423
402
402
402
381
381
381
435
435
435
426
426
426
447
447
447
474
474
474
489
489
489
474
474
474
462
462
462
483
483
483
456
456
456
471
471
471
438
438
438
411
411
411
384
384
384
336
336
336
336
336
336
351
351
351
363
363
363
321
321
321
348
348
348
381
381
381
339
339
339
345
345
345
345
345
345
345
345
345
351
351
351
414
414
414
402
402
402
444
444
444
423
423
423
432
432
432
423
423
423
417
417
417
429
429
429
414
414
414
408
408
408
318
318
318
330
330
330
324
324
324
372
372
372
294
294
294
309
309
309
324
324
324
339
339
339
360
360
360
345
345
345
351
351
351
366
366
366
345
345
345
303
303
303
330
330
330
324
324
324
351
351
351
351
351
351
351
351
351
366
366
366
393
393
393
387
387
387
372
372
372
381
381
381
369
369
369
390
390
390
369
369
369
342
342
342
342
342
342
312
312
312
306
306
306
276
276
276
303
303
303
294
294
294
327
327
327
339
339
339
339
339
339
345
345
345
351
351
351
360
360
360
333
333
333
333
333
333
327
327
327
357
357
357
324
324
324
339
339
339
333
333
333
360
360
360
339
339
339
330
330
330
384
384
384
399
399
399
393
393
393
399
399
399
420
420
420
378
378
378
420
420
420
372
372
372
387
387
387
429
429
429
417
417
417
417
417
417
417
417
417
381
381
381
402
402
402
387
387
387
336
336
336
357
357
357
372
372
372
330
330
330
357
357
357
351
351
351
363
363
363
384
384
384
363
363
363
363
363
363
378
378
378
384
384
384
369
369
369
399
399
399
378
378
378
399
399
399
399
399
399
408
408
408
408
408
408
396
396
396
375
375
375
396
396
396
363
363
363
354
354
354
333
333
333
303
303
303
291
291
291
255
255
255
240
240
240
282
282
282
309
309
309
282
282
282
330
330
330
297
297
297
297
297
297
306
306
306
312
312
312
312
312
312
306
306
306
291
291
291
291
291
291
297
297
297
282
282
282
294
294
294
330
330
330
330
330
330
324
324
324
372
372
372
363
363
363
378
378
378
378
378
378
378
378
378
405
405
405
426
426
426
411
411
411
438
438
438
459
459
459
417
417
417
426
426
426
396
396
396
405
405
405
378
378
378
345
345
345
354
354
354
360
360
360
339
339
339
345
345
345
354
354
354
387
387
387
417
417
417
417
417
417
438
438
438
444
444
444
450
450
450
465
465
465
444
444
444
459
459
459
492
492
492
471
471
471
471
471
471
462
462
462
462
462
462
456
456
456
420
420
420
399
399
399
405
405
405
375
375
375
348
348
348
327
327
327
360
360
360
327
327
327
321
321
321
312
312
312
327
327
327
291
291
291
348
348
348
357
357
357
372
372
372
372
372
372
345
345
345
414
414
414
435
435
435
498
498
498
477
477
477
513
513
513
450
450
450
435
435
435
414
414
414
456
456
456
414
414
414
366
366
366
351
351
351
303
303
303
318
318
318
297
297
297
354
354
354
348
348
348
360
360
360
333
333
333
333
333
333
381
381
381
381
381
381
381
381
381
366
366
366
366
366
366
351
351
351
384
384
384
399
399
399
420
420
420
441
441
441
420
420
420
435
435
435
462
462
462
477
477
477
462
462
462
456
456
456
414
414
414
393
393
393
378
378
378
357
357
357
372
372
372
357
357
357
330
330
330
336
336
336
351
351
351
336
336
336
378
378
378
372
372
372
339
339
339
402
402
402
381
381
381
387
387
387
372
372
372
357
357
357
372
372
372
366
366
366
360
360
360
351
351
351
378
378
378
336
336
336
336
336
336
330
330
330
351
351
351
345
345
345
336
336
336
357
357
357
330
330
330
351
351
351
357
357
357
363
363
363
363
363
363
348
348
348
399
399
399
462
462
462
450
450
450
435
435
435
414
414
414
423
423
423
453
453
453
483
483
483
468
468
468
462
462
462
405
405
405
420
420
420
426
426
426
426
426
426
480
480
480
480
480
480
459
459
459
417
417
417
402
402
402
417
417
417
411
411
411
348
348
348
333
333
333
300
300
300
273
273
273
264
264
264
243
243
243
243
243
243
264
264
264
276
276
276
282
282
282
303
303
303
318
318
318
330
330
330
324
324
324
297
297
297
309
309
309
330
330
330
339
339
339
312
312
312
285
285
285
249
249
249
234
234
234
249
249
249
276
276
276
282
282
282
282
282
282
261
261
261
231
231
231
231
231
231
252
252
252
288
288
288
297
297
297
288
288
288
273
273
273
309
309
309
282
282
282
288
288
288
309
309
309
324
324
324
372
372
372
357
357
357
357
357
357
408
408
408
387
387
387
402
402
402
423
423
423
450
450
450
429
429
429
420
420
420
378
378
378
345
345
345
330
330
330
294
294
294
309
309
309
258
258
258
237
237
237
216
216
216
231
231
231
219
219
219
225
225
225
258
258
258
300
300
300
285
285
285
306
306
306
315
315
315
315
315
315
294
294
294
294
294
294
306
306
306
279
279
279
258
258
258
222
222
222
231
231
231
246
246
246
258
258
258
264
264
264
258
258
258
231
231
231
252
252
252
351
351
351
414
414
414
423
423
423
414
414
414
384
384
384
384
384
384
435
435
435
477
477
477
483
483
483
492
492
492
408
408
408
351
351
351
393
393
393
408
408
408
417
417
417
417
417
417
423
423
423
402
402
402
417
417
417
408
408
408
429
429
429
459
459
459
423
423
423
471
471
471
477
477
477
465
465
465
429
429
429
450
450
450
462
462
462
441
441
441
405
405
405
405
405
405
432
432
432
399
399
399
357
357
357
336
336
336
366
366
366
351
351
351
345
345
345
339
339
339
360
360
360
351
351
351
345
345
345
345
345
345
372
372
372
414
414
414
393
393
393
429
429
429
414
414
414
435
435
435
429
429
429
408
408
408
372
372
372
363
363
363
357
357
357
327
327
327
339
339
339
297
297
297
327
327
327
342
342
342
342
342
342
357
357
357
372
372
372
381
381
381
381
381
381
381
381
381
339
339
339
318
318
318
303
303
303
273
273
273
279
279
279
273
273
273
273
273
273
273
273
273
246
246
246
255
255
255
264
264
264
264
264
264
279
279
279
294
294
294
294
294
294
285
285
285
279
279
279
285
285
285
306
306
306
306
306
306
306
306
306
363
363
363
327
327
327
306
306
306
291
291
291
300
300
300
333
333
333
339
339
339
339
339
339
318
318
318
330
330
330
273
273
273
279
279
279
327
327
327
342
342
342
348
348
348
315
315
315
315
315
315
405
405
405
417
417
417
405
405
405
411
411
411
447
447
447
420
420
420
420
420
420
420
420
420
411
411
411
357
357
357
273
273
273
261
261
261
303
303
303
303
303
303
282
282
282
303
303
303
282
282
282
297
297
297
279
279
279
285
285
285
270
270
270
291
291
291
270
270
270
291
291
291
291
291
291
255
255
255
270
270
270
276
276
276
309
309
309
324
324
324
324
324
324
336
336
336
321
321
321
330
330
330
315
315
315
309
309
309
315
315
315
273
273
273
294
294
294
285
285
285
273
273
273
267
267
267
267
267
267
267
267
267
282
282
282
282
282
282
267
267
267
324
324
324
297
297
297
318
318
318
351
351
351
372
372
372
393
393
393
372
372
372
372
372
372
372
372
372
393
393
393
372
372
372
414
414
414
393
393
393
366
366
366
345
345
345
330
330
330
321
321
321
342
342
342
363
363
363
330
330
330
315
315
315
264
264
264
279
279
279
300
300
300
306
306
306
315
315
315
315
315
315
300
300
300
306
306
306
327
327
327
327
327
327
327
327
327
306
306
306
300
300
300
261
261
261
252
252
252
303
303
303
312
312
312
348
348
348
369
369
369
369
369
369
378
378
378
384
384
384
411
411
411
438
438
438
417
417
417
396
396
396
387
387
387
339
339
339
309
309
309
282
282
282
267
267
267
255
255
255
261
261
261
273
273
273
273
273
273
258
258
258
231
231
231
231
231
231
240
240
240
240
240
240
267
267
267
315
315
315
273
273
273
267
267
267
276
276
276
261
261
261
288
288
288
309
309
309
300
300
300
363
363
363
330
330
330
303
303
303
360
360
360
339
339
339
393
393
393
408
408
408
450
450
450
429
429
429
450
450
450
408
408
408
429
429
429
420
420
420
378
378
378
426
426
426
357
357
357
363
363
363
300
300
300
279
279
279
273
273
273
294
294
294
327
327
327
357
357
357
351
351
351
309
309
309
330
330
330
297
297
297
312
312
312
339
339
339
306
306
306
291
291
291
249
249
249
213
213
213
234
234
234
249
249
249
228
228
228
249
249
249
249
249
249
222
222
222
240
240
240
240
240
240
249
249
249
243
243
243
213
213
213
219
219
219
225
225
225
231
231
231
258
258
258
270
270
270
258
258
258
243
243
243
249
249
249
270
270
270
264
264
264
225
225
225
234
234
234
207
207
207
186
186
186
195
195
195
228
228
228
258
258
258
243
243
243
243
243
243
258
258
258
270
270
270
282
282
282
294
294
294
288
288
288
294
294
294
282
282
282
252
252
252
273
273
273
264
264
264
270
270
270
285
285
285
252
252
252
261
261
261
240
240
240
234
234
234
318
318
318
327
327
327
321
321
321
321
321
321
321
321
321
306
306
306
348
348
348
348
348
348
375
375
375
375
375
375
318
318
318
303
303
303
282
282
282
276
276
276
261
261
261
261
261
261
240
240
240
294
294
294
273
273
273
279
279
279
258
258
258
279
279
279
321
321
321
342
342
342
351
351
351
366
366
366
366
366
366
291
291
291
300
300
300
315
315
315
315
315
315
321
321
321
294
294
294
273
273
273
285
285
285
306
306
306
291
291
291
297
297
297
318
318
318
309
309
309
324
324
324
297
297
297
288
288
288
330
330
330
324
324
324
303
303
303
330
330
330
351
351
351
336
336
336
303
303
303
330
330
330
357
357
357
393
393
393
345
345
345
330
330
330
351
351
351
345
345
345
324
324
324
318
318
318
339
339
339
270
270
270
285
285
285
249
249
249
282
282
282
282
282
282
315
315
315
288
288
288
288
288
288
309
309
309
315
315
315
327
327
327
285
285
285
321
321
321
294
294
294
315
315
315
267
267
267
279
279
279
285
285
285
270
270
270
276
276
276
297
297
297
333
333
333
297
297
297
297
297
297
285
285
285
252
252
252
246
246
246
303
303
303
303
303
303
276
276
276
270
270
270
261
261
261
261
261
261
276
276
276
255
255
255
267
267
267
288
288
288
252
252
252
267
267
267
351
351
351
336
336
336
345
345
345
381
381
381
372
372
372
399
399
399
426
426
426
411
411
411
405
405
405
432
432
432
384
384
384
405
405
405
375
375
375
360
360
360
354
354
354
339
339
339
327
327
327
336
336
336
321
321
321
279
279
279
231
231
231
210
210
210
231
231
231
198
198
198
219
219
219
213
213
213
234
234
234
219
219
219
234
234
234
249
249
249
261
261
261
243
243
243
231
231
231
225
225
225
210
210
210
237
237
237
216
216
216
222
222
222
222
222
222
207
207
207
207
207
207
234
234
234
219
219
219
225
225
225
234
234
234
207
207
207
213
213
213
234
234
234
228
228
228
201
201
201
222
222
222
207
207
207
222
222
222
276
276
276
282
282
282
288
288
288
303
303
303
282
282
282
282
282
282
309
309
309
288
288
288
315
315
315
315
315
315
255
255
255
249
249
249
264
264
264
216
216
216
216
216
216
216
216
216
201
201
201
222
222
222
216
216
216
216
216
216
243
243
243
222
222
222
201
201
201
240
240
240
249
249
249
255
255
255
255
255
255
249
249
249
243
243
243
255
255
255
240
240
240
267
267
267
315
315
315
309
309
309
321
321
321
300
300
300
321
321
321
327
327
327
312
312
312
327
327
327
333
333
333
327
327
327
315
315
315
309
309
309
288
288
288
303
303
303
297
297
297
312
312
312
339
339
339
285
285
285
315
315
315
321
321
321
300
300
300
306
306
306
315
315
315
327
327
327
348
348
348
318
318
318
297
297
297
309
309
309
267
267
267
288
288
288
288
288
288
267
267
267
267
267
267
246
246
246
204
204
204
198
198
198
207
207
207
222
222
222
255
255
255
270
270
270
276
276
276
297
297
297
276
276
276
333
333
333
339
339
339
375
375
375
408
408
408
393
393
393
366
366
366
324
324
324
318
318
318
324
324
324
357
357
357
300
300
300
336
336
336
300
300
300
267
267
267
261
261
261
276
276
276
282
282
282
303
303
303
282
282
282
276
276
276
297
297
297
282
282
282
297
297
297
309
309
309
336
336
